1.344514012336731
1.3370848894119263
1.3296557664871216
1.322226643562317
1.3147975206375122
1.3073686361312866
1.2999392747879028
1.2925103902816772
1.2850810289382935
1.2776519060134888
1.270222783088684
1.2627936601638794
1.2553647756576538
1.2479358911514282
1.2405062913894653
1.2330776453018188
1.2256485223770142
1.2182193994522095
1.2107902765274048
1.2033611536026
1.1959320306777954
1.1885029077529907
1.181073784828186
1.1736446619033813
1.1662155389785767
1.158786416053772
1.1513572931289673
1.1439281702041626
1.136499047279358
1.1290699243545532
1.1216410398483276
1.1142116785049438
1.1067827939987183
1.0993536710739136
1.0919245481491089
1.0844954252243042
1.0770663022994995
1.0696371793746948
1.0622082948684692
1.0547789335250854
1.0473500490188599
1.0399209260940552
1.0324918031692505
1.0250626802444458
1.0176335573196411
1.0102046728134155
1.0027755498886108
0.9953463077545166
0.9879173040390015
0.9804881811141968
0.9730590581893921
0.9656299352645874
0.9582008123397827
0.9507719278335571
0.9433425664901733
0.9359134435653687
0.9284845590591431
0.9210554361343384
0.9136263132095337
0.906197190284729
0.8987680673599243
0.8913391828536987
0.8839098215103149
0.8764806985855103
0.8690518140792847
0.8616224527359009
0.8541935682296753
0.8467644453048706
0.8393353223800659
0.8319061994552612
0.8244770765304565
0.817048192024231
0.8096190690994263
0.8021897077560425
0.7947608232498169
0.7873313426971436
0.7799023389816284
0.7724733352661133
0.7650442123413086
0.7576150894165039
0.7501859664916992
0.7427569627761841
0.7353278398513794
0.7278985977172852
0.72046959400177
0.7130404710769653
0.7056115865707397
0.6981823444366455
0.6907532215118408
0.6833242177963257
0.6758949756622314
0.6684659719467163
0.6610368490219116
0.6536077260971069
0.6461786031723022
0.6387495994567871
0.6313203573226929
0.6238914728164673
0.6164623498916626
0.6090332269668579
0.6016041040420532
0.5941749811172485
0.5867459774017334
0.5793168544769287
0.5718876123428345
0.5644587278366089
0.5570296049118042
0.5496006011962891
0.5421713590621948
0.5347422361373901
0.5273131132125854
0.5198841094970703
0.5124551057815552
0.5050259828567505
0.49759674072265625
0.4901677370071411
0.4827386140823364
0.47530972957611084
0.46788036823272705
0.4604513645172119
0.4530223608016968
0.4455932378768921
0.4381641149520874
0.4307349920272827
0.423305869102478
0.4158766269683838
0.4084475040435791
0.40101850032806396
0.3935893774032593
0.38616013526916504
0.3787311315536499
0.3713020086288452
0.3638728857040405
0.35644376277923584
0.3490147590637207
0.34158575534820557
0.3341566324234009
0.32672739028930664
0.3192983865737915
0.3118692636489868
0.3044402599334717
0.29701101779937744
0.2895820140838623
0.28215301036834717
0.2747238874435425
0.26729464530944824
0.2598656415939331
0.2524365186691284
0.24500763416290283
0.2375783920288086
0.23014914989471436
0.22272026538848877
0.21529090404510498
0.2078620195388794
0.2004328966140747
0.19300377368927002
0.18557465076446533
0.17814552783966064
0.1707165241241455
0.16328752040863037
0.15585827827453613
0.148429274559021
0.1410001516342163
0.13357102870941162
0.12614190578460693
0.11871278285980225
0.11128377914428711
0.10385477542877197
0.09642553329467773
0.0889965295791626
0.08156740665435791
0.07413840293884277
0.06670916080474854
0.0592801570892334
0.05185103416442871
0.04442167282104492
0.036992669105529785
0.029563546180725098
0.022134363651275635
0.014705300331115723
0.007276177406311035
-0.00015282630920410156
-0.007581949234008789
-0.015011072158813477
-0.022440075874328613
-0.029869258403778076
-0.03729832172393799
-0.044727444648742676
-0.05215650796890259
-0.0595855712890625
-0.06701469421386719
-0.07444387674331665
-0.08187282085418701
-0.08930206298828125
-0.09673094749450684
-0.10416018962860107
-0.11158925294876099
-0.1190183162689209
-0.12644743919372559
-0.13387656211853027
-0.1413055658340454
-0.14873480796813965
-0.15616369247436523
-0.16359293460845947
-0.17102205753326416
-0.1784510612487793
-0.18588018417358398
-0.19330918788909912
-0.2007383108139038
-0.20816749334335327
-0.21559643745422363
-0.22302567958831787
-0.23045462369918823
-0.2378838062286377
-0.24531304836273193
-0.25274205207824707
-0.26017117500305176
-0.2676001787185669
-0.2750293016433716
-0.28245842456817627
-0.28988754749298096
-0.2973165512084961
-0.3047456741333008
-0.3121746778488159
-0.31960391998291016
-0.3270331621170044
-0.3344622850418091
-0.3418912887573242
-0.3493204116821289
-0.3567495346069336
-0.3641786575317383
-0.3716076612472534
-0.3790367841720581
-0.38646578788757324
-0.3938950300216675
-0.4013240337371826
-0.4087531566619873
-0.4161822199821472
-0.4236114025115967
-0.4310404062271118
-0.4384695291519165
-0.4458986520767212
-0.4533277153968811
-0.46075689792633057
-0.4681859016418457
-0.4756150245666504
-0.4830440878868103
-0.49047327041625977
-0.4979023337364197
-0.5053314566612244
-0.5127604603767395
-0.520189642906189
-0.5276186466217041
-0.5350477695465088
-0.5424768328666687
-0.5499059557914734
-0.5573350191116333
-0.564764142036438
-0.5721932053565979
-0.5796223282814026
-0.5870514512062073
-0.594480574131012
-0.6019095778465271
-0.6093387603759766
-0.6167678833007812
-0.6241970062255859
-0.6316261291503906
-0.6390551328659058
-0.6464842557907104
-0.6539132595062256
-0.6613425016403198
-0.668771505355835
-0.6762006282806396
-0.6836297512054443
-0.691058874130249
-0.6984879970550537
-0.7059170007705688
-0.7133461236953735
-0.7207752466201782
-0.7282043099403381
-0.735633373260498
-0.7430624961853027
-0.7504915595054626
-0.7579206824302673
-0.7653497457504272
-0.7727788686752319
-0.7802079319953918
-0.7876370549201965
-0.7950662970542908
-0.8024953603744507
-0.8099244832992554
-0.8173534870147705
-0.82478266954422
-0.8322117328643799
-0.8396408557891846
-0.8470699191093445
-0.8544989824295044
-0.8619281053543091
-0.8693572282791138
-0.8767862915992737
-0.8842153549194336
-0.8916444778442383
-0.899073600769043
-0.9065026640892029
-0.9139317274093628
-0.9213607907295227
-0.9287899136543274
-0.9362190365791321
-0.943648099899292
-0.9510771632194519
-0.9562762975692749
-0.9601052403450012
-0.9639341831207275
-0.9677631855010986
-0.9689148664474487
-0.9689148664474487
-0.9689148664474487
-0.9689148664474487
-0.9689148664474487
-0.9689148664474487
-0.9689148664474487
-0.9689148664474487
-0.9689148664474487
-0.9689148664474487
-0.9689148664474487
-0.9689148664474487
-0.9689148664474487
-0.9689148664474487
-0.9689148664474487
-0.9689148664474487
-0.9689148664474487
-0.9689148664474487
-0.9689148664474487
-0.9689148664474487
-0.9689148664474487
-0.9689148664474487
-0.9689148664474487
-0.9689148664474487
-0.9689148664474487
-0.9689148664474487
-0.9689148664474487
-0.9689148664474487
-0.9689148664474487
-0.9689148664474487
-0.9689148664474487
-0.9689148664474487
-0.9689148664474487
-0.9689148664474487
-0.9689148664474487
-0.9689148664474487
-0.9689148664474487
-0.9689148664474487
-0.9689148664474487
-0.9689148664474487
-0.9689148664474487
-0.9689148664474487
-0.9689148664474487
-0.9689148664474487
-0.9689148664474487
-0.9689148664474487
-0.9689148664474487
-0.9689148664474487
-0.9689148664474487
-0.9689148664474487
-0.9689148664474487
-0.9689148664474487
-0.9689148664474487
-0.9689148664474487
-0.9689148664474487
-0.9689148664474487
-0.9689148664474487
-0.9689148664474487
-0.9689148664474487
-0.9689148664474487
-0.9689148664474487
-0.9689148664474487
-0.9689148664474487
-0.9689148664474487
-0.9689148664474487
-0.9689148664474487
-0.9689148664474487
-0.9689148664474487
-0.9689148664474487
-0.9689148664474487
-0.9689148664474487
-0.9673048257827759
-0.9643749594688416
-0.9600701332092285
-0.9557652473449707
-0.951111376285553
-0.9432001113891602
-0.9345461130142212
-0.9258921146392822
-0.9172381162643433
-0.9085839986801147
-0.8999300003051758
-0.8912760019302368
-0.8826219439506531
-0.8739679455757141
-0.8653139472007751
-0.8566598892211914
-0.8480058908462524
-0.8393518924713135
-0.8306978344917297
-0.8220438361167908
-0.8133898377418518
-0.8047357797622681
-0.7960817217826843
-0.7874277234077454
-0.7787737250328064
-0.7701196670532227
-0.7614656686782837
-0.7528116703033447
-0.7441576719284058
-0.735503613948822
-0.7268496155738831
-0.7181955575942993
-0.7095415592193604
-0.7008875608444214
-0.6922334432601929
-0.6835794448852539
-0.6749254465103149
-0.666271448135376
-0.657617449760437
-0.6489633917808533
-0.6403093934059143
-0.6316553354263306
-0.6230013370513916
-0.6143473386764526
-0.6056932806968689
-0.5970392823219299
-0.5883852243423462
-0.5797312259674072
-0.5710772275924683
-0.5624231696128845
-0.5537691116333008
-0.5451151132583618
-0.5364611148834229
-0.5278071165084839
-0.5191530585289001
-0.5104990601539612
-0.5018450021743774
-0.4931910037994385
-0.4845369756221771
-0.47588294744491577
-0.4672289490699768
-0.45857489109039307
-0.4499208927154541
-0.44126689434051514
-0.4326128363609314
-0.42395883798599243
-0.4153047800064087
-0.4066508412361145
-0.39799678325653076
-0.389342725276947
-0.38068872690200806
-0.3720346689224243
-0.36338067054748535
-0.3547266721725464
-0.34607261419296265
-0.3374186158180237
-0.3287646174430847
-0.32011061906814575
-0.3114566206932068
-0.30280256271362305
-0.2941485643386841
-0.28549444675445557
-0.2768405079841614
-0.26818645000457764
-0.25953245162963867
-0.25087839365005493
-0.24222439527511597
-0.23357045650482178
-0.22491633892059326
-0.2162623405456543
-0.20760828256607056
-0.1989542841911316
-0.19030028581619263
-0.1816462278366089
-0.17299222946166992
-0.16433823108673096
-0.15568417310714722
-0.14703023433685303
-0.1383761167526245
-0.12972211837768555
-0.12106812000274658
-0.11241406202316284
-0.10376006364822388
-0.09510600566864014
-0.08645200729370117
-0.07779794931411743
-0.06914395093917847
-0.06048989295959473
-0.05183589458465576
-0.04318195581436157
-0.03452789783477783
-0.025873839855194092
-0.017219841480255127
-0.008565783500671387
8.815526962280273e-05
0.008742213249206543
0.017396211624145508
0.026050329208374023
0.03470420837402344
0.0433582067489624
0.05201232433319092
0.06066632270812988
0.06932032108306885
0.07797443866729736
0.08662843704223633
0.09528243541717529
0.10393643379211426
0.11259055137634277
0.12124443054199219
0.12989842891693115
0.13855254650115967
0.14720654487609863
0.1558605432510376
0.1645146608352661
0.17316865921020508
0.18182265758514404
0.190476655960083
0.19913065433502197
0.20778465270996094
0.2164386510848999
0.22509276866912842
0.23374676704406738
0.24240076541900635
0.25105488300323486
0.25970888137817383
0.2683628797531128
0.27701687812805176
0.2856708765029907
0.2943248748779297
0.3029789924621582
0.31163299083709717
0.32028698921203613
0.3289409875869751
0.33759498596191406
0.346248984336853
0.35490310192108154
0.3635571002960205
0.3722110986709595
0.38086509704589844
0.3895190954208374
0.3981732130050659
0.40682709217071533
0.41548120975494385
0.4241352081298828
0.4327892065048218
0.4414433240890503
0.45009732246398926
0.4587514400482178
0.46740543842315674
0.47605931758880615
0.48471343517303467
0.4933675527572632
0.5020214319229126
0.5106754302978516
0.5193294286727905
0.527983546257019
0.536637544631958
0.5452916622161865
0.5539455413818359
0.5625995397567749
0.5712536573410034
0.5799076557159424
0.5885616540908813
0.5972156524658203
0.6058698892593384
0.6145237684249878
0.6231777667999268
0.6318318843841553
0.6404857635498047
0.6491397619247437
0.6577938795089722
0.6664479970932007
0.6751018762588501
0.6837558746337891
0.6924097537994385
0.7010639905929565
0.7097179889678955
0.718372106552124
0.7270259857177734
0.7356799840927124
0.7443341016769409
0.7529879808425903
0.7616420984268188
0.7702960968017578
0.7789500951766968
0.7876039743423462
0.7962582111358643
0.8042389154434204
0.8086962699890137
0.8131536245346069
0.8176110982894897
0.8220685720443726
0.8265259265899658
0.8309834003448486
0.8354407548904419
0.8398982286453247
0.8443557024002075
0.8488131761550903
0.8532705307006836
0.8577278852462769
0.8621852397918701
0.866642951965332
0.8711001873016357
0.8755577802658081
0.8800151348114014
0.8844724893569946
0.8889299631118774
0.8933873176574707
0.8978447914123535
0.9023021459579468
0.9067597389221191
0.9112170934677124
0.9156743288040161
0.9201319217681885
0.9245892763137817
0.9290467500686646
0.9335042238235474
0.9379615783691406
0.9424190521240234
0.9468765258789062
0.95133376121521
0.9557913541793823
0.960248589515686
0.964706301689148
0.9691635370254517
0.9736210107803345
0.9780786037445068
0.9825359582901001
0.9869934320449829
0.9914507865905762
0.9959081411361694
1.0003654956817627
1.004823088645935
1.0092804431915283
1.0118589401245117
1.0122467279434204
1.0126346349716187
1.0130223035812378
1.013410210609436
1.0137979984283447
1.014185905456543
1.0145739316940308
1.01496160030365
1.0153496265411377
1.0157372951507568
1.0161250829696655
1.0165128707885742
1.0169007778167725
1.0172885656356812
1.0176763534545898
1.0180641412734985
1.0184520483016968
1.018839955329895
1.0192278623580933
1.0196157693862915
1.0200034379959106
1.0203912258148193
1.0207792520523071
1.0211668014526367
1.021554708480835
1.0219424962997437
1.022330403327942
1.0205360651016235
1.0171059370040894
1.0136760473251343
1.0102460384368896
1.006816029548645
1.00338613986969
0.9999562501907349
0.9965263605117798
0.9930964708328247
0.9896664619445801
0.9862364530563354
0.9828065633773804
0.9793766736984253
0.9759465456008911
0.972516655921936
0.969086766242981
0.9656566381454468
0.9622268676757812
0.9587969779968262
0.955366849899292
0.9519368410110474
0.9485069513320923
0.9450770616531372
0.9416471719741821
0.9382122755050659
0.930841326713562
0.923470139503479
0.9160990715026855
0.9087278842926025
0.9013568162918091
0.8939855098724365
0.8866146802902222
0.8792433738708496
0.8718723058700562
0.8645013570785522
0.8571299314498901
0.8497589826583862
0.8423877954483032
0.8350167274475098
0.8276456594467163
0.8202744722366333
0.8129032850265503
0.8055322170257568
0.7981611490249634
0.7907899618148804
0.7834187746047974
0.7760477066040039
0.7686764001846313
0.7613054513931274
0.7539341449737549
0.7465633153915405
0.739192008972168
0.7318210601806641
0.7244499921798706
0.7170788049697876
0.7097076177597046
0.7023364305496216
0.6949654817581177
0.6875945329666138
0.6802234649658203
0.6728523969650269
0.6654809713363647
0.6581100225448608
0.6507388353347778
0.6433676481246948
0.6359966993331909
0.6286252737045288
0.6212543249130249
0.6138830184936523
0.6065120697021484
0.5991407632827759
0.5917696952819824
0.584398627281189
0.5770275592803955
0.569656491279602
0.5622855424880981
0.5549143552780151
0.5475431680679321
0.5401719808578491
0.5328010320663452
0.5254300832748413
0.5180588960647583
0.5106875896453857
0.5033165216445923
0.4959453344345093
0.4885742664337158
0.48120319843292236
0.47383201122283936
0.46646082401275635
0.45908963680267334
0.451718807220459
0.4443475008010864
0.4369765520095825
0.4296053647994995
0.4222341775894165
0.4148629903793335
0.4074920415878296
0.4001208543777466
0.3927496671676636
0.38537871837615967
0.3780076503753662
0.37063610553741455
0.3632652759552002
0.3558940887451172
0.34852325916290283
0.34115171432495117
0.3337806463241577
0.3264094591140747
0.3190385103225708
0.31166720390319824
0.3042961359024048
0.2969249486923218
0.28955399990081787
0.28218305110931396
0.2748117446899414
0.26744067668914795
0.26006948947906494
0.2526984214782715
0.24532723426818848
0.23795616626739502
0.23058509826660156
0.223213791847229
0.2158428430557251
0.2084716558456421
0.20110046863555908
0.19372928142547607
0.18635845184326172
0.17898714542388916
0.17161595821380615
0.16424477100372314
0.15687382221221924
0.14950263500213623
0.14213156700134277
0.13476061820983887
0.1273895502090454
0.1200183629989624
0.11264705657958984
0.10527575016021729
0.09790480136871338
0.09053373336791992
0.08316278457641602
0.07579123973846436
0.06842052936553955
0.06104922294616699
0.053678035736083984
0.04630720615386963
0.03893601894378662
0.031565070152282715
0.02419382333755493
0.0168229341506958
0.009451568126678467
0.002080678939819336
-0.005290567874908447
-0.012661874294281006
-0.020032942295074463
-0.027403712272644043
-0.034774959087371826
-0.042146146297454834
-0.04951739311218262
-0.05688852071762085
-0.0642595887184143
-0.07163119316101074
-0.07900220155715942
-0.08637303113937378
-0.09374427795410156
-0.10111552476882935
-0.10848647356033325
-0.11585748195648193
-0.12322872877120972
-0.13059967756271362
-0.13797080516815186
-0.14534199237823486
-0.152712881565094
-0.16008424758911133
-0.16745513677597046
-0.17482632398605347
-0.1821976900100708
-0.18956893682479858
-0.19693976640701294
-0.20431077480316162
-0.21168231964111328
-0.2190529704093933
-0.22642409801483154
-0.23379510641098022
-0.24116641283035278
-0.24853754043579102
-0.25590837001800537
-0.26327985525131226
-0.2706507444381714
-0.27802181243896484
-0.2853934168815613
-0.29276394844055176
-0.30013513565063477
-0.30750638246536255
-0.3148772716522217
-0.3222486972808838
-0.3296200633049011
-0.33699071407318115
-0.3443620204925537
-0.35173290967941284
-0.3591039776802063
-0.3664754629135132
-0.3738463521003723
-0.381217360496521
-0.3885887861251831
-0.3959597945213318
-0.4033307433128357
-0.4107019901275635
-0.4180733561515808
-0.4254446029663086
-0.4328155517578125
-0.44018661975860596
-0.4475579261779785
-0.4549288749694824
-0.4622999429702759
-0.46967124938964844
-0.4770420789718628
-0.48441314697265625
-0.4917844533920288
-0.4991556406021118
-0.5065267086029053
-0.5138980150222778
-0.5212689638137817
-0.5286401510238647
-0.5360113382339478
-0.5433822870254517
-0.5507534742355347
-0.5581245422363281
-0.5654953718185425
-0.5728665590286255
-0.5802379846572876
-0.587608814239502
-0.5949801206588745
-0.6023516654968262
-0.6097226142883301
-0.6170933246612549
-0.6244646310806274
-0.6318355798721313
-0.6392066478729248
-0.6465779542922974
-0.6539486646652222
-0.6613198518753052
-0.6686913967132568
-0.6760622262954712
-0.6834334135055542
-0.6908047199249268
-0.6981754302978516
-0.7055469751358032
-0.7129178047180176
-0.720288872718811
-0.727660059928894
-0.735031008720398
-0.7424024343490601
-0.7497735023498535
-0.7571444511413574
-0.76451575756073
-0.771886944770813
-0.7792580127716064
-0.7866291999816895
-0.7940006256103516
-0.8013714551925659
-0.808742880821228
-0.8161138296127319
-0.8234848976135254
-0.8308560848236084
-0.8382267951965332
-0.8455981016159058
-0.8529691696166992
-0.8603401184082031
-0.8677115440368652
-0.8750823736190796
-0.8824539184570312
-0.8898247480392456
-0.8971958160400391
-0.9045671224594116
-0.9119384288787842
-0.9193092584609985
-0.9266805648803711
-0.9340518712997437
-0.9414224624633789
-0.9487934112548828
-0.9561644792556763
-0.9635357856750488
-0.9709069728851318
-0.9782779216766357
-0.9856491088867188
-0.9930205345153809
-1.0003918409347534
-1.0077625513076782
-1.0151336193084717
-1.0225048065185547
-1.0298759937286377
-1.0372467041015625
-1.044617772102356
-1.0519890785217285
-1.059360384941101
-1.066731333732605
-1.0741021633148193
-1.0814740657806396
-1.088844895362854
-1.0962157249450684
-1.1035873889923096
-1.1109580993652344
-1.118329405784607
-1.1257002353668213
-1.1330714225769043
-1.1404427289962769
-1.147814154624939
-1.1551851034164429
-1.1625560522079468
-1.1699270009994507
-1.1772980690002441
-1.1846696138381958
-1.1920405626296997
-1.1994110345840454
-1.2067826986312866
-1.2141541242599487
-1.2215251922607422
-1.228896141052246
-1.2362676858901978
-1.2436381578445435
-1.2510098218917847
-1.2583805322647095
-1.265751600265503
-1.2731231451034546
-1.280494213104248
-1.2878648042678833
-1.2952362298965454
-1.3026071786880493
-1.30997896194458
-1.317350149154663
-1.3247207403182983
-1.3320914506912231
