-1.09375
-1.0947265625
-1.0947265625
-1.095703125
-1.09375
-1.0947265625
-1.0947265625
-1.095703125
-1.09375
-1.0947265625
-1.0947265625
-1.095703125
-1.09375
-1.0947265625
-1.0947265625
-1.095703125
-1.09375
-1.0947265625
-1.0947265625
-1.095703125
-1.0947265625
-1.0947265625
-1.095703125
-1.095703125
-1.0947265625
-1.0947265625
-1.095703125
-1.095703125
-1.0947265625
-1.0947265625
-1.095703125
-1.095703125
-1.0947265625
-1.0947265625
-1.095703125
-1.095703125
-1.0947265625
-1.0947265625
-1.095703125
-1.095703125
-1.0947265625
-1.0947265625
-1.095703125
-1.09375
-1.0947265625
-1.0947265625
-1.095703125
-1.09375
-1.0947265625
-1.0947265625
-1.095703125
-1.09375
-1.0947265625
-1.0947265625
-1.095703125
-1.09375
-1.0947265625
-1.0947265625
-1.095703125
-1.09375
-1.0947265625
-1.095703125
-1.095703125
-1.0947265625
-1.0947265625
-1.095703125
-1.095703125
-1.0947265625
-1.0947265625
-1.095703125
-1.095703125
-1.0947265625
-1.0947265625
-1.095703125
-1.095703125
-1.0947265625
-1.0947265625
-1.095703125
-1.095703125
-1.0947265625
-1.0947265625
-1.095703125
-1.09375
-1.0947265625
-1.0947265625
-1.095703125
-1.09375
-1.0947265625
-1.0947265625
-1.095703125
-1.09375
-1.0947265625
-1.0947265625
-1.095703125
-1.09375
-1.0947265625
-1.0947265625
-1.095703125
-1.09375
-1.0947265625
-1.095703125
-1.095703125
-1.0947265625
-1.0947265625
-1.095703125
-1.095703125
-1.0947265625
-1.0947265625
-1.095703125
-1.095703125
-1.0947265625
-1.0947265625
-1.095703125
-1.095703125
-1.0947265625
-1.0947265625
-1.095703125
-1.095703125
-1.0947265625
-1.0947265625
-1.095703125
-1.09375
-1.0947265625
-1.0947265625
-1.095703125
-1.09375
-1.0947265625
-1.0947265625
-1.095703125
-1.09375
-1.0947265625
-1.0947265625
-1.095703125
-1.09375
-1.0947265625
-1.0947265625
-1.095703125
-1.09375
-1.0947265625
-1.0947265625
-1.095703125
-1.0947265625
-1.0947265625
-1.095703125
-1.095703125
-1.0947265625
-1.0947265625
-1.095703125
-1.095703125
-1.0947265625
-1.0947265625
-1.095703125
-1.095703125
-1.0947265625
-1.0947265625
-1.095703125
-1.095703125
-1.0947265625
-1.0947265625
-1.095703125
-1.09375
-1.0947265625
-1.0947265625
-1.095703125
-1.09375
-1.0947265625
-1.0947265625
-1.095703125
-1.09375
-1.0947265625
-1.0947265625
-1.095703125
-1.09375
-1.0947265625
-1.0947265625
-1.095703125
-1.09375
-1.0947265625
-1.0947265625
-1.095703125
-1.0947265625
-1.0947265625
-1.095703125
-1.095703125
-1.0947265625
-1.0947265625
-1.095703125
-1.095703125
-1.0947265625
-1.0947265625
-1.095703125
-1.095703125
-1.0947265625
-1.0947265625
-1.095703125
-1.095703125
-1.0947265625
-1.0947265625
-1.095703125
-1.095703125
-1.0947265625
-1.0947265625
-1.095703125
-1.09375
-1.0947265625
-1.0947265625
-1.095703125
-1.09375
-1.0947265625
-1.0947265625
-1.095703125
-1.09375
-1.0947265625
-1.0947265625
-1.095703125
-1.09375
-1.0947265625
-1.0947265625
-1.095703125
-1.09375
-1.0947265625
-1.095703125
-1.095703125
-1.0947265625
-1.0947265625
-1.095703125
-1.095703125
-1.0947265625
-1.0947265625
-1.095703125
-1.095703125
-1.0947265625
-1.0947265625
-1.095703125
-1.095703125
-1.0947265625
-1.0947265625
-1.095703125
-1.095703125
-1.0947265625
-1.0947265625
-1.095703125
-1.09375
-1.0947265625
-1.0947265625
-1.095703125
-1.09375
-1.0947265625
-1.0947265625
-1.095703125
-1.09375
-1.0927734375
-1.0908203125
-1.08984375
-1.0869140625
-1.0859375
-1.083984375
-1.0830078125
-1.080078125
-1.0791015625
-1.0771484375
-1.0751953125
-1.0732421875
-1.0712890625
-1.0703125
-1.068359375
-1.06640625
-1.064453125
-1.0634765625
-1.0615234375
-1.0595703125
-1.0576171875
-1.056640625
-1.0546875
-1.052734375
-1.05078125
-1.0498046875
-1.0478515625
-1.0458984375
-1.0439453125
-1.0419921875
-1.0390625
-1.0380859375
-1.0361328125
-1.03515625
-1.0322265625
-1.03125
-1.0283203125
-1.025390625
-1.0205078125
-1.0185546875
-1.015625
-1.0126953125
-1.0078125
-1.005859375
-1.001953125
-1.0
-0.9951171875
-0.9931640625
-0.9892578125
-0.9853515625
-0.982421875
-0.978515625
-0.9755859375
-0.97265625
-0.9697265625
-0.9658203125
-0.962890625
-0.958984375
-0.95703125
-0.953125
-0.9501953125
-0.9462890625
-0.9423828125
-0.9375
-0.9326171875
-0.9267578125
-0.9228515625
-0.91796875
-0.9130859375
-0.904296875
-0.900390625
-0.8955078125
-0.890625
-0.884765625
-0.880859375
-0.875
-0.87109375
-0.865234375
-0.861328125
-0.85546875
-0.8515625
-0.845703125
-0.841796875
-0.8359375
-0.8310546875
-0.826171875
-0.822265625
-0.81640625
-0.8115234375
-0.8056640625
-0.7998046875
-0.794921875
-0.7890625
-0.78515625
-0.7802734375
-0.775390625
-0.76953125
-0.765625
-0.7607421875
-0.755859375
-0.75
-0.74609375
-0.740234375
-0.736328125
-0.73046875
-0.7265625
-0.720703125
-0.716796875
-0.7109375
-0.7041015625
-0.6982421875
-0.6943359375
-0.6884765625
-0.6845703125
-0.6787109375
-0.673828125
-0.6689453125
-0.6650390625
-0.6591796875
-0.654296875
-0.6494140625
-0.6455078125
-0.6396484375
-0.634765625
-0.62890625
-0.6259765625
-0.6201171875
-0.615234375
-0.609375
-0.603515625
-0.5986328125
-0.5927734375
-0.5888671875
-0.5830078125
-0.5791015625
-0.5732421875
-0.5693359375
-0.5634765625
-0.5595703125
-0.5537109375
-0.5498046875
-0.5439453125
-0.5390625
-0.5341796875
-0.5302734375
-0.5244140625
-0.51953125
-0.5146484375
-0.5107421875
-0.501953125
-0.4970703125
-0.4921875
-0.48828125
-0.482421875
-0.4775390625
-0.4716796875
-0.46875
-0.462890625
-0.4580078125
-0.4521484375
-0.4482421875
-0.443359375
-0.4384765625
-0.4326171875
-0.4287109375
-0.423828125
-0.4189453125
-0.4130859375
-0.4091796875
-0.40234375
-0.396484375
-0.392578125
-0.38671875
-0.3818359375
-0.376953125
-0.373046875
-0.3671875
-0.3623046875
-0.357421875
-0.353515625
-0.34765625
-0.3427734375
-0.3369140625
-0.333984375
-0.328125
-0.3232421875
-0.3173828125
-0.3125
-0.3056640625
-0.294921875
-0.2880859375
-0.2822265625
-0.275390625
-0.2685546875
-0.26171875
-0.255859375
-0.2490234375
-0.2421875
-0.2353515625
-0.2294921875
-0.2216796875
-0.2158203125
-0.208984375
-0.203125
-0.1953125
-0.189453125
-0.1826171875
-0.1767578125
-0.1689453125
-0.1591796875
-0.154296875
-0.146484375
-0.1396484375
-0.1318359375
-0.1279296875
-0.1201171875
-0.11328125
-0.10546875
-0.1005859375
-0.09375
-0.0869140625
-0.0791015625
-0.07421875
-0.0673828125
-0.060546875
-0.052734375
-0.0478515625
-0.0400390625
-0.0341796875
-0.0234375
-0.017578125
-0.009765625
-0.00390625
0.0029296875
0.0087890625
0.0166015625
0.0224609375
0.029296875
0.03515625
0.04296875
0.0498046875
0.0556640625
0.0615234375
0.0693359375
0.076171875
0.08203125
0.087890625
0.095703125
0.1025390625
0.111328125
0.1181640625
0.125
0.1328125
0.1376953125
0.14453125
0.1513671875
0.1591796875
0.1640625
0.171875
0.177734375
0.185546875
0.1904296875
0.1982421875
0.2041015625
0.2119140625
0.216796875
0.224609375
0.2314453125
0.23828125
0.2470703125
0.2548828125
0.26171875
0.267578125
0.2734375
0.28125
0.2880859375
0.2939453125
0.2998046875
0.3076171875
0.314453125
0.3212890625
0.326171875
0.333984375
0.3408203125
0.34765625
0.353515625
0.3603515625
0.3671875
0.3740234375
0.3837890625
0.3896484375
0.3974609375
0.40234375
0.41015625
0.416015625
0.423828125
0.4287109375
0.4365234375
0.443359375
0.4501953125
0.455078125
0.462890625
0.4697265625
0.4765625
0.4814453125
0.4892578125
0.49609375
0.50390625
0.5078125
0.51953125
0.5263671875
0.533203125
0.53515625
0.5390625
0.54296875
0.5458984375
0.548828125
0.5517578125
0.5556640625
0.55859375
0.5615234375
0.5625
0.564453125
0.56640625
0.5673828125
0.5693359375
0.5703125
0.572265625
0.5732421875
0.576171875
0.5771484375
0.578125
0.580078125
0.58203125
0.5830078125
0.583984375
0.5859375
0.587890625
0.58984375
0.58984375
0.591796875
0.59375
0.595703125
0.5966796875
0.59765625
0.599609375
0.6015625
0.6025390625
0.603515625
0.6064453125
0.6083984375
0.609375
0.6103515625
0.6123046875
0.6142578125
0.615234375
0.6171875
0.6181640625
0.6201171875
0.62109375
0.623046875
0.6240234375
0.6259765625
0.626953125
0.62890625
0.630859375
0.6318359375
0.6328125
0.634765625
0.6376953125
0.6376953125
0.6396484375
0.6416015625
0.6435546875
0.64453125
0.6455078125
0.6474609375
0.6494140625
0.650390625
0.6513671875
0.6533203125
0.6552734375
0.65625
0.658203125
0.6591796875
0.6611328125
0.662109375
0.6640625
0.6650390625
0.66796875
0.6689453125
0.6708984375
0.671875
0.673828125
0.6748046875
0.6767578125
0.6787109375
0.6796875
0.6806640625
0.6826171875
0.6845703125
0.685546875
0.6865234375
0.6884765625
0.6904296875
0.6923828125
0.6923828125
0.6943359375
0.6962890625
0.6982421875
0.69921875
0.701171875
0.703125
0.7041015625
0.7060546875
0.70703125
0.708984375
0.7099609375
0.7119140625
0.712890625
0.71484375
0.7158203125
0.7177734375
0.7197265625
0.720703125
0.7216796875
0.7236328125
0.7255859375
0.7265625
0.728515625
0.73046875
0.732421875
0.7333984375
0.734375
0.736328125
0.73828125
0.740234375
0.740234375
0.7421875
0.744140625
0.74609375
0.7470703125
0.748046875
0.75
0.751953125
0.7529296875
0.75390625
0.755859375
0.7578125
0.759765625
0.7607421875
0.7626953125
0.763671875
0.765625
0.767578125
0.7685546875
0.76953125
0.771484375
0.7734375
0.7744140625
0.775390625
0.77734375
0.779296875
0.78125
0.779296875
0.77734375
0.775390625
0.7734375
0.7724609375
0.7685546875
0.7666015625
0.7646484375
0.763671875
0.7607421875
0.7587890625
0.7568359375
0.755859375
0.7529296875
0.7509765625
0.7490234375
0.748046875
0.74609375
0.7431640625
0.7412109375
0.740234375
0.73828125
0.7353515625
0.7333984375
0.732421875
0.7294921875
0.7265625
0.7255859375
0.7236328125
0.7216796875
0.7197265625
0.7177734375
0.7158203125
0.7138671875
0.7119140625
0.7109375
0.7080078125
0.7060546875
0.7041015625
0.703125
0.7001953125
0.6982421875
0.6962890625
0.6953125
0.693359375
0.689453125
0.6875
0.6865234375
0.6845703125
0.681640625
0.6796875
0.6787109375
0.6767578125
0.673828125
0.671875
0.6708984375
0.6689453125
0.6669921875
0.6640625
0.6630859375
0.6611328125
0.6591796875
0.65625
0.6552734375
0.6533203125
0.650390625
0.6494140625
0.646484375
0.64453125
0.642578125
0.6416015625
0.638671875
0.63671875
0.634765625
0.6337890625
0.6318359375
0.62890625
0.626953125
0.6259765625
0.6240234375
0.62109375
0.619140625
0.6181640625
0.6162109375
0.6142578125
0.6103515625
0.609375
0.607421875
0.60546875
0.6025390625
0.6015625
0.599609375
0.59765625
0.5947265625
0.59375
0.591796875
0.58984375
0.587890625
0.5859375
0.583984375
0.58203125
0.580078125
0.5791015625
0.576171875
0.57421875
0.572265625
0.5703125
0.5673828125
0.5654296875
0.564453125
0.5625
0.5595703125
0.5576171875
0.556640625
0.5546875
0.552734375
0.5498046875
0.548828125
0.546875
0.544921875
0.5419921875
0.541015625
0.5390625
0.537109375
0.53515625
0.5322265625
0.5302734375
0.5283203125
0.5263671875
0.5244140625
0.5224609375
0.5205078125
0.5185546875
0.517578125
0.5146484375
0.5126953125
0.5107421875
0.509765625
0.5068359375
0.5048828125
0.5029296875
0.501953125
0.5
0.4970703125
0.4951171875
0.4931640625
0.4912109375
0.48828125
0.4873046875
0.4853515625
0.4833984375
0.48046875
0.4794921875
0.4775390625
0.4755859375
0.4736328125
0.4716796875
0.4697265625
0.4677734375
0.4658203125
0.46484375
0.4619140625
0.4599609375
0.4580078125
0.45703125
0.453125
0.451171875
0.44921875
0.4482421875
0.4453125
0.443359375
0.44140625
0.4404296875
0.4384765625
0.435546875
0.43359375
0.4326171875
0.4306640625
0.427734375
0.42578125
0.4248046875
0.4228515625
0.4208984375
0.41796875
0.4169921875
0.4140625
0.412109375
0.41015625
0.408203125
0.40625
0.404296875
0.4033203125
0.400390625
0.3984375
0.396484375
0.3955078125
0.392578125
0.390625
0.388671875
0.3876953125
0.3857421875
0.3828125
0.380859375
0.3798828125
0.3779296875
0.3740234375
0.3720703125
0.37109375
0.369140625
0.3662109375
0.3642578125
0.36328125
0.361328125
0.359375
0.3564453125
0.35546875
0.353515625
0.3515625
0.3486328125
0.34765625
0.345703125
0.34375
0.341796875
0.33984375
0.337890625
0.3349609375
0.333984375
0.3310546875
0.3291015625
0.3271484375
0.326171875
0.32421875
0.3212890625
0.3193359375
0.318359375
0.31640625
0.3134765625
0.3115234375
0.310546875
0.30859375
0.306640625
0.3037109375
0.302734375
0.30078125
0.298828125
0.294921875
0.2939453125
0.2919921875
0.2900390625
0.287109375
0.2861328125
0.2841796875
0.2822265625
0.2802734375
0.2783203125
0.2763671875
0.2744140625
0.2724609375
0.271484375
0.2685546875
0.2666015625
0.2646484375
0.263671875
0.2607421875
0.2587890625
0.2568359375
0.2548828125
0.251953125
0.25
0.2490234375
0.2470703125
0.2451171875
0.2421875
0.2412109375
0.2392578125
0.2373046875
0.234375
0.2333984375
0.2314453125
0.2294921875
0.2275390625
0.2255859375
0.2236328125
0.2216796875
0.21875
