0.9589242746631385
0.9617156467111395
0.9644106553670809
0.9670090305925407
0.9695105120317148
0.9719148490375044
0.9742218006966308
0.9764311358537751
0.9785426331347392
0.9805560809686279
0.9824712776090481
0.9842880311543234
0.9860061595667229
0.987625490690701
0.9891458622701476
0.9905671219646456
0.9918891273647359
0.9931117460061863
0.9942348553832647
0.9952583429610138
0.996182106186527
0.9970060524992246
0.997730099340128
0.998354174160132
0.9988782144272741
0.9993021676330008
0.9996259912974281
0.9998496529735987
0.9999731302507323
0.9999964107564722
0.999919492158124
0.9997423821628902
0.9994650985170972
0.9990876690044177
0.9986101314430864
0.9980325336821109
0.997354933596477
0.99657739908135
0.9957000080452714
0.9947228484023523
0.9936460180634651
0.9924696249264321
0.991193786865215
0.9898186317181031
0.9883442972749049
0.9867709312631407
0.9850986913332415
0.9833277450427511
0.9814582698395383
0.9794904530440159
0.9774244918303716
0.975260593206811
0.9729989739948157
0.9706398608074179
0.9681834900264941
0.9656301077790789
0.9629799699127044
0.9602333419697636
0.9573904991609034
0.9544517263374487
0.9514173179628604
0.9482875780832306
0.9450628202968165
0.9417433677226192
0.9383295529680065
0.934821718095386
0.9312202145879307
0.9275254033143608
0.9237376544927844
0.9198573476536023
0.9158848716014787
0.9118206243763839
0.9076650132137101
0.9034184545034674
0.8990813737485612
0.8946542055221574
0.8901373934241379
0.8855313900366528
0.8808366568787717
0.8760536643602389
0.87118289173434
0.8662248270498802
0.861179967102282
0.8560488173838063
0.8508318920329038
0.8455297137826965
0.8401428139086019
0.8346717321750985
0.8291170167816421
0.823479224307736
0.817758919657163
0.8119566760013813
0.8060730747220931
0.8001087053529932
0.7940641655206918
0.7879400608848396
0.7817370050774366
0.7754556196413477
0.7690965339680269
0.7626603852344466
0.7561478183392589
0.7495594858381741
0.7428960478785759
0.736158172133375
0.7293465337341072
0.7224618152032865
0.7155047063860185
0.7084759043808753
0.7013761134700494
0.6942060450487819
0.686966417554083
0.6796579563927462
0.6722813938686598
0.6648374691094339
0.6573269279923368
0.64975052306956
0.6421090134928149
0.6344031649372623
0.6266337495247962
0.6188015457466737
0.6109073383855124
0.6029519184366575
0.5949360830289211
0.5868606353447132
0.5787263845395606
0.570534145661031
0.5622847395670678
0.5539789928437371
0.5456177377224073
0.5372018119963572
0.5287320589368305
0.5202093272085426
0.5116344707846417
0.5030083488611441
0.4943318257708397
0.4856057708966884
0.47683105858471037
0.4680085680563727
0.45913918332049636
0.4502237930846747
0.44126329066622744
0.4322585739026924
0.4232105450618608
0.41412011075137023
0.40498818182786334
0.39581567330572015
0.38660350426537643
0.3773525977612303
0.36806388072915247
0.3587382838936078
0.34937674167439736
0.339980192093032
0.3305495766787411
0.3210858403741318
0.3115899314405063
0.30206280136284647
0.2925054047544778
0.28291869926141555
0.273303645466409
0.2636612067926918
0.2539923494074471
0.2442980421250007
0.23457925630974394
0.2248369657788036
0.21507214670446595
0.20528577751636473
0.19547883880344533
0.18565231321570805
0.17580718536574708
0.16594444173009287
0.15606507055036775
0.14617006173426675
0.1362604067563673
0.1263370985587839
0.11640113145167592
0.10645350101361825
0.09649520399184701
0.08652723820238388
0.07655060243005542
0.06656629632841539
0.05657532031958
0.04657867549398832
0.03657736351009142
0.026572386493986657
0.016564746939004327
0.006555447605262801
-0.0034545085808141583
-0.013464118626983431
-0.02347237957568626
-0.03347828860454407
-0.043480843126836276
-0.053479040891965604
-0.06347188008587641
-0.07345835943144036
-0.08343747828878378
-0.09340823675554695
-0.1033696357670803
-0.11332067719654355
-0.12326036395492194
-0.13318770009093397
-0.14310169089082084
-0.15300134297802268
-0.162885664412708
-0.1727536647911697
-0.18260435534506309
-0.19243674904047603
-0.2022498606768335
-0.21204270698561203
-0.22181430672886268
-0.2315636807975327
-0.24128985230956743
-0.2509918467077977
-0.2606686918575876
-0.27031941814424226
-0.2799430585701644
-0.28953864885174285
-0.2991052275159778
-0.30864183599681727
-0.3181475187312054
-0.32762132325483095
-0.33706230029756
-0.3464695038785563
-0.3558419914010657
-0.3651788237468643
-0.37447906537035935
-0.3837417843923265
-0.3929660526932873
-0.40215094600650486
-0.4112955440105943
-0.4203989304217409
-0.4294601930855069
-0.4384784240682331
-0.4474527197480112
-0.4563821809052265
-0.4652659128126606
-0.4741030253251395
-0.48289263296872886
-0.4916338550294564
-0.500325815641559
-0.5089676438752456
-0.5175584738239605
-0.5260974446911502
-0.5345837008765131
-0.5430163920617298
-0.551394673295667
-0.5597177050790371
-0.567984653448519
-0.5761946900603194
-0.5843469922731728
-0.592440743230769
-0.6004751319436029
-0.6084493533702338
-0.6163626084979511
-0.6242141044228349
-0.6320030544292038
-0.6397286780684444
-0.6473902012372107
-0.6549868562549902
-0.662517881941024
-0.6699825236905768
-0.6773800335505484
-0.6847096702944182
-0.6919706994965148
-0.6991623936056062
-0.7062840320177993
-0.7133349011487444
-0.7203142945051357
-0.7272215127555018
-0.7340558638002782
-0.7408166628411551
-0.7475032324496944
-0.7541149026352071
-0.7606510109118862
-0.7671109023651876
-0.7734939297174519
-0.7797994533927615
-0.7860268415810254
-0.7921754703012872
-0.7982447234642455
-0.8042339929339891
-0.8101426785889286
-0.8159701883819301
-0.8217159383996377
-0.8273793529209803
-0.8329598644748606
-0.8384569138970133
-0.8438699503860342
-0.8491984315585702
-0.8544418235036648
-0.8595996008362575
-0.8646712467498254
-0.8696562530681676
-0.8745541202963247
-0.8793643576706264
-0.8840864832078679
-0.8887200237536026
-0.8932645150295525
-0.8977195016801292
-0.9020845373180587
-0.9063591845691116
-0.9105430151159255
-0.9146356097409232
-0.9186365583683183
-0.9225454601052032
-0.9263619232817211
-0.9300855654903076
-0.9337160136240105
-0.9372529039138741
-0.9406958819653873
-0.9440446027939966
-0.9472987308596701
-0.950457940100521
-0.9535219139654778
-0.9564903454460018
-0.959362937106851
-0.9621394011158813
-0.9648194592728877
-0.9674028430374807
-0.9698892935559918
-0.9722785616874131
-0.9745704080283586
-0.9767646029370542
-0.978860926556347
-0.9808591688357341
-0.982759129552411
-0.9845606183313325
-0.9862634546642893
-0.987867467927994
-0.9893724974011776
-0.9907783922806942
-0.9920850116966307
-0.9932922247264222
-0.9943999104079708
-0.9954079577517649
-0.9963162657520016
-0.9971247433967061
-0.997833309676852
-0.9984418935944782
-0.9989504341698023
-0.9993588804473315
-0.9996671915009677
-0.9998753364381089
-0.9999832944027437
-0.9999910545775422
-0.9998986161849389
-0.9997059884872113
-0.9994131907855514
-0.9990202524181316
-0.9985272127571659
-0.9979341212049639
-0.9972410371889809
-0.9964480301558639
-0.995555179564492
-0.994562574878016
-0.993470315554893
-0.9922785110389213
-0.9909872807482745
-0.9895967540635351
-0.9881070703147314
-0.9865183787673759
-0.98483083860751
-0.9830446189257523
-0.9811598987003575
-0.9791768667792813
-0.9770957218612584
-0.974916672475894
-0.9726399369627676
-0.970265743449557
-0.9677943298291787
-0.9652259437359523
-0.962560842520787
-0.9597992932253951
-0.9569415725555355
-0.9539879668532862
-0.9509387720683553
-0.9477942937284247
-0.9445548469085376
-0.9412207561995284
-0.937792355675498
-0.9342699888603406
-0.9306540086933219
-0.9269447774937155
-0.9231426669244985
-0.919248057955111
-0.9152613408232833
-0.9111829149959337
-0.9070131891291432
-0.9027525810272075
-0.8984015176007734
-0.8939604348240632
-0.8894297776911894
-0.8848100001715667
-0.8801015651644255
-0.8753049444524283
-0.8704206186543986
-0.8654490771771616
-0.8603908181665071
-0.8552463484572758
-0.8500161835225732
-0.8447008474221216
-0.8393008727497475
-0.833816800580017
-0.8282491804140208
-0.8225985701243136
-0.8168655358990166
-0.8110506521850841
-0.8051545016307464
-0.799177675027127
-0.7931207712490459
-0.7869843971950142
-0.7807691677264207
-0.7744757056059258
-0.7681046414350586
-0.7616566135910321
-0.755132268162779
-0.7485322588862117
-0.741857247078721
-0.7351079015729102
-0.7282848986495789
-0.721388921969962
-0.7144206625072237
-0.7073808184772261
-0.7002700952685655
-0.6930892053718937
-0.6858388683085281
-0.6785198105583536
-0.6711327654870326
-0.6636784732725193
-0.6561576808308955
-0.6485711417415319
-0.6409196161715757
-0.6332038707997865
-0.6254246787397121
-0.617582819462226
-0.609679078717422
-0.6017142484558837
-0.5936891267493329
-0.58560451771066
-0.5774612314133563
-0.5692600838103409
-0.5610018966522053
-0.5526874974048752
-0.5443177191666954
-0.5358934005849576
-0.5274153857718658
-0.518884524219957
-0.510301670716985
-0.5016676852602671
-0.49298343297051667
-0.4842497840051557
-0.4754676134711265
-0.4666378013372077
-0.45776123234583915
-0.4488387959244744
-0.4398713860964576
-0.430859901391444
-0.42180524475536946
-0.41270832345997216
-0.4035700490118885
-0.394391337061317
-0.38517310731027243
-0.3759162834204333
-0.3666217929205882
-0.3572905671137019
-0.34792354098359557
-0.3385216531012638
-0.32908584553083137
-0.31961706373515564
-0.31011625648109575
-0.3005843757444425
-0.2910223766145351
-0.28143121719855807
-0.27181185852554074
-0.2621652644500647
-0.25249240155568203
-0.2427942390580686
-0.23307174870790523
-0.22332590469351055
-0.21355768354322952
-0.20376806402758182
-0.1939580270611942
-0.18412855560450922
-0.17428063456529505
-0.16441525069995977
-0.15453339251467507
-0.14463605016633282
-0.13472421536332815
-0.1247988812661923
-0.11486104238808023
-0.10491169449511706
-0.09495183450662721
-0.08498246039523978
-0.07500457108689387
-0.06501916636074845
-0.055027246749001064
-0.045029813436639546
-0.03502786816111933
-0.025022413111994383
-0.015014450830494425
-0.005004984109072522
0.0050049841090730775
0.015014450830494425
0.025022413111994383
0.03502786816111933
0.04502981343663899
0.05502724674900162
0.06501916636074845
0.07500457108689387
0.08498246039523923
0.09495183450662666
0.10491169449511761
0.11486104238808023
0.1247988812661923
0.1347242153633276
0.1446360501663323
0.15453339251467563
0.16441525069995977
0.17428063456529505
0.18412855560450866
0.19395802706119364
0.20376806402758238
0.21355768354322952
0.22332590469351055
0.23307174870790467
0.24279423905806807
0.2524924015556826
0.2621652644500647
0.27181185852554074
0.2814312171985575
0.2910223766145346
0.3005843757444431
0.31011625648109575
0.31961706373515564
0.3290858455308308
0.33852165310126325
0.34792354098359557
0.3572905671137019
0.3666217929205882
0.3759162834204328
0.38517310731027193
0.394391337061317
0.4035700490118885
0.41270832345997216
0.42180524475536896
0.4308599013914435
0.4398713860964576
0.4488387959244744
0.45776123234583915
0.4666378013372072
0.475467613471127
0.4842497840051557
0.49298343297051667
0.5016676852602671
0.5103016707169845
0.5188845242199575
0.5274153857718658
0.5358934005849576
0.5443177191666954
0.5526874974048748
0.5610018966522058
0.5692600838103409
0.5774612314133563
0.58560451771066
0.5936891267493325
0.6017142484558842
0.609679078717422
0.617582819462226
0.6254246787397121
0.633203870799786
0.6409196161715761
0.6485711417415319
0.6561576808308955
0.6636784732725188
0.6711327654870322
0.6785198105583541
0.6858388683085281
0.6930892053718937
0.7002700952685652
0.7073808184772258
0.714420662507224
0.721388921969962
0.7282848986495789
0.7351079015729098
0.7418572470787207
0.7485322588862121
0.755132268162779
0.7616566135910321
0.7681046414350583
0.7744757056059255
0.780769167726421
0.7869843971950142
0.7931207712490459
0.7991776750271267
0.8051545016307461
0.8110506521850844
0.8168655358990166
0.8225985701243136
0.8282491804140205
0.8338168005800166
0.8393008727497475
0.8447008474221216
0.8500161835225732
0.8552463484572755
0.8603908181665068
0.8654490771771616
0.8704206186543986
0.8753049444524283
0.8801015651644253
0.8848100001715669
0.8894297776911894
0.8939604348240632
0.8984015176007734
0.9027525810272072
0.9070131891291433
0.9111829149959337
0.9152613408232833
0.919248057955111
0.9231426669244984
0.9269447774937157
0.9306540086933219
0.9342699888603406
0.937792355675498
0.9412207561995283
0.9445548469085377
0.9477942937284247
0.9509387720683553
0.9539879668532862
0.9569415725555354
0.9597992932253954
0.962560842520787
0.9652259437359523
0.9677943298291787
0.9702657434495569
0.9726399369627677
0.974916672475894
0.9770957218612584
0.9791768667792811
0.9811598987003574
0.9830446189257525
0.98483083860751
0.9865183787673759
0.9881070703147313
0.9895967540635351
0.9909872807482745
0.9922785110389213
0.993470315554893
0.994562574878016
0.995555179564492
0.9964480301558639
0.9972410371889809
0.9979341212049639
0.9985272127571659
0.9990202524181316
0.9994131907855514
0.9997059884872113
0.9998986161849389
0.9999910545775422
0.9999832944027437
0.9998753364381089
0.9996671915009677
0.9993588804473315
0.9989504341698023
0.9984418935944782
0.997833309676852
0.9971247433967061
0.9963162657520016
0.995407957751765
0.9943999104079708
0.9932922247264222
0.9920850116966307
0.9907783922806942
0.9893724974011777
0.9878674679279941
0.9862634546642893
0.9845606183313325
0.982759129552411
0.9808591688357342
0.9788609265563468
0.9767646029370542
0.9745704080283586
0.9722785616874131
0.969889293555992
0.9674028430374805
0.9648194592728877
0.9621394011158813
0.959362937106851
0.956490345446002
0.9535219139654776
0.950457940100521
0.9472987308596701
0.9440446027939966
0.9406958819653876
0.9372529039138738
0.9337160136240105
0.9300855654903076
0.9263619232817211
0.9225454601052036
0.9186365583683179
0.9146356097409232
0.9105430151159255
0.9063591845691118
0.9020845373180592
0.897719501680129
0.8932645150295525
0.8887200237536026
0.8840864832078681
0.8793643576706268
0.8745541202963245
0.8696562530681676
0.8646712467498254
0.8595996008362577
0.8544418235036653
0.84919843155857
0.8438699503860342
0.8384569138970133
0.8329598644748608
0.8273793529209809
0.8217159383996375
0.8159701883819301
0.8101426785889286
0.8042339929339893
0.798244723464246
0.7921754703012869
0.7860268415810254
0.7797994533927615
0.7734939297174522
0.7671109023651882
0.7606510109118862
0.7541149026352071
0.7475032324496944
0.7408166628411554
0.7340558638002788
0.7272215127555018
0.7203142945051357
0.7133349011487444
0.7062840320177997
0.6991623936056058
0.6919706994965148
0.6847096702944182
0.6773800335505484
0.6699825236905771
0.6625178819410237
0.6549868562549902
0.6473902012372107
0.6397286780684444
0.6320030544292041
0.6242141044228345
0.6163626084979511
0.6084493533702338
0.6004751319436029
0.5924407432307695
0.5843469922731723
0.5761946900603194
0.567984653448519
0.5597177050790371
0.5513946732956674
0.5430163920617298
0.5345837008765131
0.5260974446911502
0.5175584738239605
0.508967643875246
0.500325815641559
0.4916338550294564
0.48289263296872886
0.4741030253251395
0.465265912812661
0.4563821809052265
0.4474527197480112
0.4384784240682331
0.4294601930855069
0.4203989304217413
0.4112955440105943
0.40215094600650486
0.3929660526932873
0.3837417843923265
0.3744790653703598
0.3651788237468643
0.3558419914010657
0.3464695038785563
0.33706230029756
0.3276213232548314
0.3181475187312054
0.30864183599681727
0.2991052275159778
0.28953864885174285
0.27994305857016477
0.27031941814424226
0.2606686918575876
0.2509918467077977
0.24128985230956743
0.23156368079753314
0.22181430672886268
0.21204270698561203
0.2022498606768335
0.19243674904047603
0.18260435534506353
0.1727536647911697
0.162885664412708
0.15300134297802268
0.14310169089082128
0.13318770009093442
0.12326036395492194
0.11332067719654355
0.1033696357670803
0.0934082367555474
0.0834374782887829
0.07345835943144036
0.06347188008587641
0.053479040891965604
0.04348084312683672
0.03347828860454318
0.02347237957568626
0.013464118626983431
0.0034545085808141583
-0.0065554476052623566
-0.016564746939005212
-0.026572386493986657
-0.03657736351009142
-0.04657867549398832
-0.056575320319579556
-0.06656629632841539
-0.07655060243005542
-0.08652723820238388
-0.09649520399184701
-0.10645350101361781
-0.11640113145167592
-0.1263370985587839
-0.1362604067563673
-0.14617006173426675
-0.1560650705503673
-0.16594444173009287
-0.17580718536574708
-0.18565231321570805
-0.19547883880344533
-0.2052857775163643
-0.21507214670446595
-0.2248369657788036
-0.23457925630974394
-0.2442980421250007
-0.25399234940744664
-0.2636612067926918
-0.273303645466409
-0.28291869926141555
-0.2925054047544778
-0.302062801362846
-0.3115899314405063
-0.3210858403741318
-0.3305495766787411
-0.339980192093032
-0.3493767416743969
-0.3587382838936078
-0.36806388072915247
-0.3773525977612303
-0.38660350426537643
-0.3958156733057197
-0.40498818182786334
-0.41412011075137023
-0.4232105450618608
-0.4322585739026924
-0.44126329066622705
-0.4502237930846747
-0.45913918332049636
-0.4680085680563727
-0.47683105858471
-0.48560577089668877
-0.4943318257708397
-0.5030083488611441
-0.5116344707846417
-0.5202093272085423
-0.5287320589368308
-0.5372018119963572
-0.5456177377224073
-0.5539789928437371
-0.5622847395670674
-0.5705341456610313
-0.5787263845395606
-0.5868606353447132
-0.5949360830289211
-0.6029519184366572
-0.6109073383855128
-0.6188015457466737
-0.6266337495247962
-0.6344031649372623
-0.6421090134928146
-0.6497505230695604
-0.6573269279923368
-0.6648374691094339
-0.6722813938686598
-0.6796579563927458
-0.6869664175540833
-0.6942060450487819
-0.7013761134700494
-0.7084759043808753
-0.7155047063860182
-0.7224618152032868
-0.7293465337341072
-0.736158172133375
-0.7428960478785759
-0.7495594858381739
-0.7561478183392589
-0.7626603852344466
-0.7690965339680269
-0.7754556196413477
-0.781737005077436
-0.7879400608848396
-0.7940641655206918
-0.8001087053529932
-0.8060730747220931
-0.8119566760013808
-0.817758919657163
-0.823479224307736
-0.8291170167816421
-0.834671732175098
-0.8401428139086015
-0.8455297137826965
-0.8508318920329038
-0.8560488173838063
-0.8611799671022814
-0.8662248270498798
-0.87118289173434
-0.8760536643602389
-0.8808366568787717
-0.8855313900366525
-0.8901373934241374
-0.8946542055221574
-0.8990813737485612
-0.9034184545034674
-0.9076650132137097
-0.9118206243763834
-0.9158848716014787
-0.9198573476536023
-0.9237376544927844
-0.9275254033143605
-0.9312202145879307
-0.934821718095386
-0.9383295529680065
-0.9417433677226192
-0.9450628202968163
-0.9482875780832306
-0.9514173179628604
-0.9544517263374487
-0.9573904991609034
-0.9602333419697633
-0.9629799699127044
-0.9656301077790789
-0.9681834900264941
-0.9706398608074179
-0.9729989739948155
-0.975260593206811
-0.9774244918303716
-0.9794904530440159
-0.9814582698395383
-0.983327745042751
-0.9850986913332415
-0.9867709312631407
-0.9883442972749049
-0.9898186317181031
-0.9911937868652149
-0.9924696249264321
-0.9936460180634651
-0.9947228484023523
-0.9957000080452714
-0.9965773990813499
-0.997354933596477
-0.9980325336821109
-0.9986101314430864
-0.9990876690044177
-0.9994650985170972
-0.9997423821628902
-0.999919492158124
-0.9999964107564722
-0.9999731302507323
-0.9998496529735987
-0.9996259912974281
-0.9993021676330008
-0.9988782144272741
-0.998354174160132
-0.997730099340128
-0.9970060524992246
-0.996182106186527
-0.9952583429610138
-0.9942348553832647
-0.9931117460061865
-0.9918891273647359
-0.9905671219646456
-0.9891458622701476
-0.987625490690701
-0.9860061595667231
-0.9842880311543234
-0.9824712776090481
-0.9805560809686279
-0.9785426331347392
-0.9764311358537751
-0.9742218006966308
-0.9719148490375044
-0.9695105120317148
-0.9670090305925407
-0.9644106553670809
-0.9617156467111395
-0.9589242746631385
